  0.165 0.4435 0.0753 3.5083 0.0282 0.0000 0.0000 0.0000 0.0000   1455.   374.    81.   138.
  0.164 0.4243 0.0722 3.3709 0.0286 0.0000 0.0000 0.0000 0.0000   1455.   374.    80.   136.
  0.163 0.4155 0.0707 3.3108 0.0341 0.0113 0.0015 0.0026 0.0027   1455.   374.    80.   136.
  0.162 0.4068 0.0691 3.2515 0.0396 0.0226 0.0031 0.0052 0.0055   1455.   374.    80.   136.
  0.161 0.3983 0.0676 3.1929 0.0450 0.0339 0.0046 0.0079 0.0082   1454.   374.    80.   136.
  0.160 0.3899 0.0660 3.1350 0.0505 0.0452 0.0062 0.0105 0.0110   1454.   374.    80.   136.
  0.159 0.3816 0.0646 3.0779 0.0560 0.0565 0.0077 0.0131 0.0137   1454.   374.    80.   136.
  0.158 0.3735 0.0631 3.0214 0.0615 0.0678 0.0093 0.0157 0.0165   1454.   374.    80.   136.
  0.157 0.3655 0.0617 2.9657 0.0670 0.0791 0.0108 0.0183 0.0192   1454.   374.    80.   136.
  0.156 0.3576 0.0603 2.9106 0.0724 0.0904 0.0124 0.0210 0.0220   1454.   374.    80.   136.
  0.155 0.3498 0.0589 2.8562 0.0779 0.1017 0.0139 0.0236 0.0247   1453.   374.    80.   136.
  0.154 0.3422 0.0575 2.8025 0.0834 0.1130 0.0154 0.0262 0.0275   1453.   374.    80.   136.
  0.153 0.3346 0.0562 2.7494 0.0889 0.1243 0.0170 0.0288 0.0302   1453.   374.    80.   136.
  0.152 0.3272 0.0549 2.6969 0.0944 0.1356 0.0185 0.0314 0.0330   1453.   374.    79.   136.
  0.151 0.3199 0.0536 2.6451 0.0999 0.1469 0.0200 0.0341 0.0357   1453.   374.    79.   136.
  0.150 0.3127 0.0523 2.5940 0.1053 0.1582 0.0215 0.0367 0.0385   1453.   374.    79.   136.
  0.149 0.3056 0.0511 2.5434 0.1108 0.1695 0.0230 0.0393 0.0412   1453.   374.    79.   136.
  0.148 0.2987 0.0499 2.4935 0.1163 0.1808 0.0245 0.0419 0.0440   1453.   374.    79.   136.
  0.147 0.2918 0.0487 2.4441 0.1218 0.1921 0.0260 0.0445 0.0467   1453.   374.    79.   135.
  0.146 0.2851 0.0475 2.3954 0.1273 0.2034 0.0275 0.0471 0.0495   1454.   374.    79.   135.
  0.145 0.2784 0.0463 2.3472 0.1327 0.2147 0.0290 0.0498 0.0522   1454.   374.    79.   135.
  0.144 0.2719 0.0452 2.2997 0.1382 0.2260 0.0304 0.0524 0.0550   1454.   374.    79.   135.
  0.143 0.2654 0.0441 2.2527 0.1437 0.2373 0.0319 0.0550 0.0577   1454.   374.    79.   135.
  0.142 0.2591 0.0430 2.2063 0.1492 0.2486 0.0334 0.0576 0.0605   1454.   374.    79.   135.
  0.141 0.2528 0.0419 2.1605 0.1547 0.2599 0.0348 0.0602 0.0632   1454.   374.    79.   135.
  0.140 0.2467 0.0409 2.1152 0.1601 0.2712 0.0362 0.0629 0.0660   1454.   374.    79.   135.
  0.139 0.2407 0.0398 2.0705 0.1656 0.2825 0.0377 0.0655 0.0687   1455.   374.    79.   135.
  0.138 0.2347 0.0388 2.0264 0.1711 0.2938 0.0391 0.0681 0.0715   1455.   374.    78.   135.
  0.137 0.2289 0.0378 1.9828 0.1766 0.3051 0.0405 0.0707 0.0742   1455.   373.    78.   135.
  0.136 0.2231 0.0368 1.9397 0.1821 0.3164 0.0419 0.0733 0.0770   1455.   373.    78.   135.
  0.135 0.2174 0.0358 1.8972 0.1875 0.3277 0.0432 0.0759 0.0797   1455.   373.    78.   135.
  0.134 0.2119 0.0349 1.8553 0.1930 0.3390 0.0446 0.0785 0.0825   1455.   373.    78.   135.
  0.133 0.2064 0.0340 1.8139 0.1985 0.3503 0.0460 0.0812 0.0852   1456.   373.    78.   135.
  0.132 0.2010 0.0330 1.7730 0.2040 0.3616 0.0473 0.0838 0.0880   1456.   373.    78.   135.
  0.131 0.1957 0.0321 1.7327 0.2095 0.3729 0.0486 0.0864 0.0907   1456.   373.    78.   135.
  0.130 0.1905 0.0313 1.6929 0.2149 0.3842 0.0499 0.0890 0.0935   1456.   373.    78.   135.
  0.129 0.1854 0.0304 1.6536 0.2204 0.3955 0.0512 0.0916 0.0962   1456.   373.    78.   135.
  0.128 0.1804 0.0296 1.6149 0.2259 0.4068 0.0525 0.0942 0.0990   1457.   373.    78.   135.
  0.127 0.1754 0.0287 1.5767 0.2314 0.4181 0.0538 0.0968 0.1017   1457.   373.    78.   135.
  0.126 0.1706 0.0279 1.5390 0.2368 0.4294 0.0551 0.0995 0.1044   1457.   373.    78.   135.
  0.125 0.1658 0.0271 1.5018 0.2423 0.4407 0.0563 0.1021 0.1072   1457.   373.    78.   135.
  0.124 0.1611 0.0263 1.4652 0.2478 0.4520 0.0575 0.1047 0.1099   1457.   373.    78.   135.
  0.123 0.1565 0.0256 1.4291 0.2533 0.4633 0.0587 0.1073 0.1127   1458.   373.    78.   135.
  0.122 0.1520 0.0248 1.3935 0.2587 0.4746 0.0599 0.1099 0.1154   1458.   373.    78.   135.
  0.121 0.1476 0.0241 1.3584 0.2642 0.4859 0.0611 0.1125 0.1182   1458.   373.    78.   135.
  0.120 0.1432 0.0233 1.3239 0.2697 0.4972 0.0622 0.1151 0.1209   1458.   373.    78.   135.
  0.119 0.1390 0.0226 1.2898 0.2752 0.5085 0.0634 0.1177 0.1237   1458.   373.    78.   135.
  0.118 0.1348 0.0219 1.2563 0.2806 0.5198 0.0645 0.1203 0.1264   1458.   373.    78.   135.
  0.117 0.1307 0.0213 1.2233 0.2861 0.5311 0.0656 0.1229 0.1291   1458.   373.    78.   135.
  0.116 0.1267 0.0206 1.1909 0.2916 0.5424 0.0667 0.1255 0.1319   1458.   373.    78.   135.
  0.115 0.1228 0.0200 1.1589 0.2971 0.5537 0.0677 0.1281 0.1346   1459.   373.    78.   135.
  0.114 0.1189 0.0193 1.1274 0.3025 0.5650 0.0688 0.1308 0.1374   1459.   373.    78.   135.
  0.113 0.1151 0.0187 1.0965 0.3080 0.5763 0.0698 0.1334 0.1401   1459.   373.    78.   135.
  0.112 0.1114 0.0181 1.0661 0.3135 0.5876 0.0708 0.1360 0.1429   1459.   373.    78.   135.
  0.111 0.1078 0.0175 1.0362 0.3189 0.5989 0.0717 0.1386 0.1456   1459.   373.    78.   135.
  0.110 0.1043 0.0169 1.0068 0.3244 0.6102 0.0727 0.1412 0.1483   1459.   373.    78.   135.
  0.109 0.1008 0.0163 0.9780 0.3299 0.6215 0.0736 0.1438 0.1511   1459.   373.    78.   135.
  0.108 0.0975 0.0158 0.9496 0.3353 0.6328 0.0745 0.1464 0.1538   1458.   373.    78.   135.
  0.107 0.0942 0.0152 0.9218 0.3408 0.6441 0.0754 0.1490 0.1566   1458.   373.    78.   135.
  0.106 0.0909 0.0147 0.8944 0.3463 0.6554 0.0762 0.1516 0.1593   1458.   373.    78.   135.
  0.105 0.0878 0.0142 0.8676 0.3518 0.6667 0.0771 0.1542 0.1620   1458.   373.    78.   135.
  0.104 0.0847 0.0137 0.8413 0.3572 0.6780 0.0779 0.1568 0.1648   1458.   373.    78.   135.
  0.103 0.0817 0.0132 0.8155 0.3627 0.6893 0.0787 0.1594 0.1675   1457.   373.    78.   135.
  0.102 0.0788 0.0127 0.7902 0.3682 0.7006 0.0794 0.1620 0.1703   1457.   373.    78.   135.
  0.101 0.0759 0.0123 0.7654 0.3736 0.7119 0.0801 0.1646 0.1730   1457.   373.    78.   135.
  0.100 0.0731 0.0118 0.7411 0.3791 0.7232 0.0808 0.1672 0.1757   1456.   373.    78.   136.
  0.099 0.0704 0.0114 0.7173 0.3846 0.7345 0.0815 0.1698 0.1785   1456.   373.    78.   136.
  0.098 0.0678 0.0109 0.6941 0.3900 0.7458 0.0822 0.1723 0.1812   1455.   373.    78.   136.
  0.097 0.0652 0.0105 0.6713 0.3955 0.7571 0.0828 0.1749 0.1839   1454.   374.    78.   136.
  0.096 0.0627 0.0101 0.6490 0.4010 0.7684 0.0834 0.1775 0.1867   1454.   374.    78.   136.
  0.095 0.0603 0.0097 0.6272 0.4064 0.7797 0.0840 0.1801 0.1894   1453.   374.    78.   136.
  0.094 0.0579 0.0093 0.6059 0.4119 0.7910 0.0845 0.1827 0.1922   1452.   374.    79.   136.
  0.093 0.0556 0.0089 0.5851 0.4174 0.8023 0.0850 0.1853 0.1949   1451.   374.    79.   136.
  0.092 0.0534 0.0086 0.5647 0.4228 0.8136 0.0855 0.1879 0.1976   1450.   374.    79.   136.
  0.091 0.0512 0.0082 0.5449 0.4283 0.8249 0.0859 0.1905 0.2004   1448.   375.    79.   136.
  0.090 0.0491 0.0078 0.5255 0.4337 0.8362 0.0863 0.1931 0.2031   1447.   375.    79.   136.
